<?xml version="1.0"?>
<opencv_storage>
<camera_matrix type_id="opencv-matrix">
  <rows>3</rows>
  <cols>3</cols>
  <dt>d</dt>
  <data>
    2225236.7376139262 0. 4.1174000906781103 0. 2256077.7390046045
    2.4620338630735628 0. 0. 1.</data></camera_matrix>
<distortion_coefficients type_id="opencv-matrix">
  <rows>5</rows>
  <cols>1</cols>
  <dt>d</dt>
  <data>
    -51.989310356929373 -6.7655498265504799e-05 0.071839139884641162
    -0.049931713713748493 -4.5955171276789044e-11</data></distortion_coefficients>
</opencv_storage>
