<?xml version="1.0"?>
<opencv_storage>
<camera_matrix type_id="opencv-matrix">
  <rows>3</rows>
  <cols>3</cols>
  <dt>d</dt>
  <data>
    4203.0865137531337 0. 1125.4316632118796 0. 4486.7500881551396
    833.62774958423915 0. 0. 1.</data></camera_matrix>
<distortion_coefficients type_id="opencv-matrix">
  <rows>5</rows>
  <cols>1</cols>
  <dt>d</dt>
  <data>
    0.16764967216339241 1.0785468079804694 -0.13976194499845412
    -0.024593828941095412 -1.6491245413562008</data></distortion_coefficients>
</opencv_storage>
