<?xml version="1.0"?>
<opencv_storage>
<camera_matrix type_id="opencv-matrix">
  <rows>3</rows>
  <cols>3</cols>
  <dt>d</dt>
  <data>
    4489.9904331485413 0. 1116.2246650941199 0. 5189.1650911599118
    406.72472781476745 0. 0. 1.</data></camera_matrix>
<distortion_coefficients type_id="opencv-matrix">
  <rows>5</rows>
  <cols>1</cols>
  <dt>d</dt>
  <data>
    0.13598107249659974 0.76435944541667578 -0.17853677016574857
    -0.017882923051716383 -0.80833768937135253</data></distortion_coefficients>
</opencv_storage>
